--------------
Cluster Assign: 3 3 4 4 4 4 5 5 5 5 6 6 6 6 6 6
--------------
Data: 38 23 21 47 2 60 58 3 84 29 64 74 66 53 49 41
--------------
Cluster Size: 2 4 4 6
--------------
Cluster Start: 0 2 6 10
--------------
Cluster Boundaries:
38.000000 38.000000 23.000000 23.000000
2.000000 21.000000 47.000000 60.000000
58.000000 84.000000 3.000000 29.000000
49.000000 66.000000 41.000000 74.000000
-----------------
Query Point: 65 52
Distance to clusters: 40 44 23 0
64 74 22.02 0.00
66 53 1.41 22.02
49 41 19.42 1.41
Return Point: 66 53
--------------
